PSW.Generic11.HFU,1,28.2608695652,0,-1,100.0
Win32/Expiro,5,23.5976129582,86,70.9362373959,5.49450549451
Win32/Parite,2,18.05200341,24,71.5424926436,7.69230769231
Win32/Sality,2,14.1304347826,14,77.2180825152,12.5
Worm/VB.12.AH,1,28.2608695652,20,65.4183097462,4.7619047619
Spyware/Win32.Zbot,3,21.7082947888,315,76.4605842005,0.943396226415
Win32:LockScreen-WV,1,28.2608695652,0,-1,100.0
Trojan.Generic.8992588,3,28.2608695652,0,-1,100.0
PUA.Win32.Packer.Upx-28,1,28.2608695652,3,68.396923987,25.0
Trojan.PWS.Panda.2401,9,20.821207669,307,74.7737936146,2.84810126582
Win32/Spy.Zbot.AAO,23,14.4031864148,330,75.8600595132,6.51558073654
W32/Zbot.AAO!tr,3,18.0085251492,6,68.3232780292,33.3333333333
Trojan-Spy.Win32.Zbot,1,28.2608695652,321,76.4605090069,0.310559006211
Riskware ( 0040eff71 ),3,22.4637681159,42,72.3657906066,6.66666666667
Trojan ( 003ea6831 ),1,28.2608695652,9,79.8334754191,10.0
HEUR:Trojan.Win32.Generic,7,17.0797088493,192,77.3771088775,3.5175879397
Ransom-FAPI!1E5DAEDEBC13,1,28.2608695652,0,-1,100.0
PWS:Win32/Zbot.gen!AJ,2,29.8167092924,185,80.159309094,1.06951871658
win32:winpe/ZBot.JFJM,1,28.2608695652,0,-1,100.0
Trojan.Win32.Reveton.b!ag,1,28.2608695652,0,-1,100.0
Suspicious.Insight,15,16.5812927624,194,66.893706907,7.17703349282
TROJ_RANSOM.SMKJ,1,28.2608695652,0,-1,100.0
TrojanSpy.Zbot,3,21.3128729753,146,66.7015548328,2.01342281879
Trojan.Agent!l3woo5Oz3YM,1,28.2608695652,0,-1,100.0
Downloader.Generic13.ALOR,1,12.0,0,-1,100.0
Worm/Generic2.CJKD,2,14.0,24,65.0121604197,7.69230769231
Zbot.HFH,1,12.0,0,-1,100.0
Win32:Dropper-gen,3,11.9477124183,20,65.7073529412,13.0434782609
Win32:Zbot-TKC,1,12.0,0,-1,100.0
TR/Spy.ZBot.aao.202,1,12.0,0,-1,100.0
Trojan.GenericKD.1642034,1,12.0,0,-1,100.0
.UnclassifiedMalware,1,12.0,56,64.6334787797,1.75438596491
UnclassifiedMalware,7,17.7283509148,116,68.060357349,5.69105691057
Trojan.Win32.Generic!BT,15,22.9638855518,110,73.9138743562,12.0
Worm/Allaple.D,2,3.92156862745,1,92.1568627451,66.6666666667
Zbot.HES,1,7.8431372549,0,-1,100.0
Win32:Malware-gen,12,21.1113804496,34,70.0086662519,26.0869565217
TR/Dropper.VB.8429,1,7.8431372549,0,-1,100.0
Trojan.GenericKD.1641293,1,7.8431372549,0,-1,100.0
Win32.Virut.Gen.5,1,7.8431372549,2,76.1479591837,33.3333333333
Generic10_c.BOSU,1,31.3725490196,0,-1,100.0
Generic32.NDT,1,31.3725490196,0,-1,100.0
VB.CKVR,1,31.3725490196,9,77.9871175523,10.0
Win32/Expiro.O,2,27.6427962489,11,71.6689295963,15.3846153846
Win32/Ipamor,1,31.3725490196,27,67.8431372549,3.57142857143
Win32/Mabezat,2,29.4117647059,24,70.0382860822,7.69230769231
AutoIt:Injector-EE,1,31.3725490196,0,-1,100.0
AutoIt:Zbot-K,1,31.3725490196,0,-1,100.0
DR/AutoIt.Gen,1,31.3725490196,0,-1,100.0
Gen:Trojan.Heur.AutoIT.10,3,31.3725490196,0,-1,100.0
PUA.Win32.Packer.PrivateExeProte-15,3,27.4509803921,4,69.012434242,42.8571428571
Win32/CoinMiner.AP,1,31.3725490196,0,-1,100.0
Trojan.Win32.Spy,1,31.3725490196,0,-1,100.0
Trojan ( 700000111 ),7,23.7647058823,2,62.8942881501,77.7777777778
PWS-ZBot.gen.aul,2,29.6862745098,4,53.1764705882,33.3333333333
winpe/Autoit.AKUH,1,31.3725490196,0,-1,100.0
Bloodhound.Malautoit,1,31.3725490196,0,-1,100.0
Agent2.BTKK,1,23.5294117647,0,-1,100.0
BackDoor.Hupigon5.AVYY,1,23.5294117647,0,-1,100.0
I-Worm/Klez.K,1,23.5294117647,5,70.3796412182,16.6666666667
Win32/Madang.C,5,16.2079265749,33,69.85805218,13.1578947368
Win32/Virut.AC,1,23.5294117647,27,71.2886630915,3.57142857143
Worm/AutoRun.LY.dropper,1,23.5294117647,10,63.2107843137,9.09090909091
Zbot.HDW,2,17.6470588236,0,-1,100.0
TR/PSW.Zbot.192512.21,2,17.6470588236,0,-1,100.0
PUA.Win32.Packer.SetupExeSection,2,17.6470588236,1,64.0,66.6666666667
Heur.Packed.Unknown,3,14.3790849673,0,-1,100.0
Trojan.Agent.AFGY,1,23.5294117647,0,-1,100.0
PSW.OnlineGames.BM,1,11.7647058824,1,73.3333333333,50.0
Win32/Hidrag.A,1,11.7647058824,4,69.6078431373,20.0
Win32/Wapomi.C,3,14.3790849673,30,66.385905883,9.09090909091
BDS/Neteyes.A,1,11.7647058824,0,-1,100.0
Gen:Variant.Kazy.331537,1,11.7647058824,0,-1,100.0
BackDoor.Agent.GXJ.dropper,1,0.0,0,-1,100.0
Downloader.Generic9.URM,2,13.0434782608,23,72.9836123526,8.0
Downloader.Obfuskated,1,0.0,0,-1,100.0
Downloader.Rozena,1,0.0,0,-1,100.0
Downloader.Small.TE,1,0.0,0,-1,100.0
Downloader.Swizzor,1,0.0,5,74.2582551861,16.6666666667
Generic16.BTMB,1,0.0,0,-1,100.0
Generic3.CNY,1,0.0,0,-1,100.0
Generic5.ELN,1,0.0,0,-1,100.0
I-Worm/Mydoom.O,1,0.0,2,76.5151515151,33.3333333333
I-Worm/Mytob.DH,1,0.0,0,-1,100.0
IRC/BackDoor.SdBot2.ENK,1,0.0,0,-1,100.0
PSW.Banker,1,0.0,0,-1,100.0
PSW.Banker3.XBI,1,0.0,0,-1,100.0
PSW.Generic4.MDD.dropper,1,0.0,0,-1,100.0
PSW.Generic8.JSB,1,0.0,0,-1,100.0
Packed.Tibs,1,0.0,0,-1,100.0
Startpage.BRI,1,0.0,0,-1,100.0
VB.AGT,1,0.0,0,-1,100.0
VB.KZ,1,0.0,0,-1,100.0
Win32/Cryptor,2,10.7843137255,42,73.4906705581,4.54545454545
Win32/Heur,2,10.7843137255,13,74.0932510214,13.3333333333
Win32/Heur.dropper,1,0.0,1,68.0,50.0
Win32/PEPatch,1,0.0,0,-1,100.0
Win32/PolyCrypt,1,0.0,1,46.0,50.0
Worm/Allaple.A,1,0.0,4,66.062626601,20.0
Worm/Allaple.B,1,0.0,1,86.3636363636,50.0
Worm/Allaple.C,1,0.0,3,70.7362377575,25.0
Worm/Allaple.E,1,0.0,1,84.7826086957,50.0
Worm/VB.APQ,1,0.0,0,-1,100.0
Worm/VB.BENE,1,0.0,0,-1,100.0
Worm/VB.CEHZ,1,0.0,0,-1,100.0
Worm/VB.ZS,1,0.0,1,75.0,50.0
Trojan.Starman.102,1,0.0,0,-1,100.0
Win32.Worm.Allaple.Gen.DAM,1,0.0,0,-1,100.0
Net-Worm.Win32.Allaple,1,0.0,0,-1,100.0
Net-Worm.Win32.Allaple.gen,1,0.0,0,-1,100.0
Generic_r.LA,1,7.8431372549,0,-1,100.0
Win32/Ramnit.A,1,7.8431372549,24,65.9596239462,4.0
Win32/Wapomi,2,6.86274509804,48,72.9323778525,4.0
Zbot.HDC,1,7.8431372549,0,-1,100.0
TR/Dropper.VB.8308,1,7.8431372549,0,-1,100.0
Trojan.GenericKD.1638549,1,7.8431372549,0,-1,100.0
Downloader.Generic13.BRCS,1,25.4901960784,0,-1,100.0
Generic10.TNK,1,25.4901960784,20,68.1291773231,4.7619047619
MultiDropper_c.PPZ,1,25.4901960784,0,-1,100.0
VBCrypt.FDT,1,25.4901960784,1,64.7058823529,50.0
TR/Dropper.Gen,4,22.2233589088,17,78.0287181071,19.0476190476
Trojan.Generic.11195398,1,25.4901960784,0,-1,100.0
Trojan.PWS.Panda.2982,3,27.4509803921,20,68.2514017979,13.0434782609
Win32/Injector.Autoit.GG,2,25.4901960784,0,-1,100.0
W32/Zbot.AAQ!tr,2,25.4901960784,1,62.5,66.6666666667
Trojan-PWS.Win32.Zbot,1,25.4901960784,45,68.0542726145,2.17391304348
PWS-ZBot.gen.auh,2,25.4901960784,1,63.0434782609,66.6666666667
Troj/AutoIt-RO,2,25.4901960784,0,-1,100.0
Autoit_c.AMBS,1,27.4509803922,0,-1,100.0
Generic31.CDAZ,1,27.4509803922,0,-1,100.0
SHeur.AWJP,1,27.4509803922,0,-1,100.0
Win32/Alman,1,27.4509803922,6,66.0514705882,14.2857142857
Win32:Trojan-gen,3,26.9803921569,15,57.2402212167,16.6666666667
TR/Drop.Autoit.ahn.40,1,27.4509803922,0,-1,100.0
Win32/Injector.Autoit.AHN,1,27.4509803922,2,57.3333333333,33.3333333333
W32/Injector_Autoit.A!tr,1,27.4509803922,1,48.0,50.0
Win32.Trojan,1,27.4509803922,0,-1,100.0
Win32/Crytex.1290,2,24.7016197784,5,68.7212276215,28.5714285714
TR/Crypt.XPACK.Gen,1,25.4901960784,13,76.9352100019,7.14285714286
Trojan.GenericKD.1646630,1,25.4901960784,0,-1,100.0
Trojan.StartPage.ZRB,1,25.4901960784,0,-1,100.0
PWS:Win32/Zbot.AHY,1,25.4901960784,0,-1,100.0
Generic_r.QV,1,23.9130434783,2,50.0,33.3333333333
PSW.Generic11.JPB,1,23.9130434783,0,-1,100.0
Dropper/Win32.Injector,1,23.9130434783,2,71.7391304347,33.3333333333
Win32:Lafud-A,1,23.9130434783,0,-1,100.0
Trojan.GenericKDZ.16355,4,23.9130434783,0,-1,100.0
TrojWare.Win32.Zbot.KZQR,1,23.9130434783,0,-1,100.0
Win32.Viking.AZ,1,23.9130434783,4,75.6491447643,20.0
Win32/Injector.AGJW,1,23.9130434783,0,-1,100.0
W32/Injector.AFCD!tr,1,23.9130434783,0,-1,100.0
Virus.Win32.VBInject,1,23.9130434783,4,54.6066176471,20.0
Trojan-Spy.Win32.Zbot.kzqr,1,23.9130434783,0,-1,100.0
PWS-Zbot-FEN!5B749B36055B,1,23.9130434783,0,-1,100.0
VirTool:Win32/VBInject.ABS,1,23.9130434783,1,65.2173913043,50.0
winpe/VBInject.KPD,1,23.9130434783,0,-1,100.0
Trj/Dtcontx.D,1,23.9130434783,0,-1,100.0
Mal/VBObf-I,1,23.9130434783,0,-1,100.0
Trojan.ADH,2,25.0,5,72.8226950355,28.5714285714
TrojanSpy.Zbot!KfqSidPKwT4,1,23.9130434783,0,-1,100.0
Trojan.Vobfus.gen,1,0.0,0,-1,100.0
Zbot.GTA,1,16.0,0,-1,100.0
Zbot.HAR,1,16.0,0,-1,100.0
TR/Spy.ZBot.aao.188,1,16.0,0,-1,100.0
Trojan.GenericKD.1638170,3,16.0,0,-1,100.0
Dialer.Generic.26757,1,16.0,2,56.862745098,33.3333333333
Win32.Jeefo.B,1,16.0,4,70.4923273657,20.0
W32/Zbot.AAO!tr.spy,1,16.0,0,-1,100.0
Spyware ( 0029a43a1 ),6,24.7308387621,19,66.652272785,24.0
PWS:Win32/Zbot,6,20.4129123221,92,68.2616482963,6.12244897959
winpe/Suspicious_Gen4.GDRPD,1,16.0,0,-1,100.0
TrojanSpy.ZBot!rz7scAMSaaM,1,16.0,0,-1,100.0
Zbot.AMC,1,4.25531914894,0,-1,100.0
Win32:Zbot-RKJ,1,4.25531914894,0,-1,100.0
TR/Dropper.VB.Gen8,1,4.25531914894,0,-1,100.0
Trojan.GenericKDV.1054267,4,4.25531914894,0,-1,100.0
W32/Injector.AKGO!tr,1,4.25531914894,4,74.2450980392,20.0
Virus.Win32.Zbot,1,4.25531914894,12,58.6601307189,7.69230769231
PWS-Zbot.gen.oj,1,4.25531914894,20,71.5869547819,4.7619047619
VirTool:Win32/VBInject,1,4.25531914894,2,76.4705882353,33.3333333333
winpe/Suspicious_Gen4.EFLDM,1,4.25531914894,0,-1,100.0
Mal/VB-AJF,1,4.25531914894,1,70.5882352941,50.0
WS.Reputation.1,6,18.2781314808,78,73.0674034496,7.14285714286
TScope.Trojan.VB,1,4.25531914894,24,62.7766936903,4.0
TrojanSpy.Zbot!rEhoyahzz1M,1,4.25531914894,0,-1,100.0
Win32.Expiro.K,2,8.01001251567,1,72.5490196078,66.6666666667
Generic29.AWUT,1,0.0,1,66.6666666667,50.0
Generic35.AHDM,1,0.0,0,-1,100.0
Win32:Injector-BNF,1,0.0,0,-1,100.0
TR/Kazy.20070874,1,0.0,0,-1,100.0
Gen:Variant.Zusy.73550,4,0.0,0,-1,100.0
TrojWare.Win32.Injector.arjz,1,0.0,0,-1,100.0
Trojan.DownLoader9.22851,1,0.0,1,70.0,50.0
Generic.Malware.SFP!VTkg.071E25D1,2,5.8823529412,0,-1,100.0
Packer.Malware.NSAnti.1,1,0.0,3,69.2810457516,25.0
Win32.Expiro.BX,1,0.0,1,58.8235294118,50.0
Win32/Injector.ARLA,1,0.0,0,-1,100.0
W32/Generic.ARLA!tr,1,0.0,0,-1,100.0
Virus.Win32.CeeInject,1,0.0,8,69.6381074169,11.1111111111
Trojan ( 0048f9d91 ),1,0.0,0,-1,100.0
Downloader-FEX!BC0E03BAEE15,1,0.0,0,-1,100.0
VirTool:Win32/CeeInject.gen!KK,3,8.99403239557,8,68.6488970588,27.2727272727
TrojanPWS.Zbot.Gen,1,0.0,55,83.4823241413,1.78571428571
Trojan.Win32.Fareit.if,1,0.0,2,68.2941176471,33.3333333333
TSPY_ZBOT.SMAA4,1,0.0,0,-1,100.0
Trojan.Inject,1,0.0,3,70.431372549,25.0
Generic8_c.BKTW,1,26.0869565217,0,-1,100.0
Win32/Aliser,1,26.0869565217,6,79.3759207866,14.2857142857
TR/ADH.2.5713,1,26.0869565217,0,-1,100.0
PUA.Win32.Packer.Winzip-1,1,26.0869565217,0,-1,100.0
Trojan.Inject1.25334,1,26.0869565217,0,-1,100.0
Gen:Trojan.Heur.8AXarPPXV9mbe,1,26.0869565217,0,-1,100.0
winpe/Suspicious_Gen5.ABUPY,1,26.0869565217,0,-1,100.0
Trojan.ADH.2,1,26.0869565217,1,57.4468085106,50.0
Generic10_c.BPER,1,5.88235294118,0,-1,100.0
PSW.Legendmir.9.C,1,5.88235294118,0,-1,100.0
Win32/Patched.BB,1,5.88235294118,0,-1,100.0
TR/Spy.ZBot.aao.204,1,5.88235294118,0,-1,100.0
Trojan.GenericKD.1641976,1,5.88235294118,0,-1,100.0
W32/AITInject.a,1,5.88235294118,1,68.6274509804,50.0
Agent_r.L,1,7.8431372549,1,34.7826086957,50.0
Downloader.Generic13.BOBZ,1,7.8431372549,1,64.7058823529,50.0
Worm/Generic2.APOP,1,7.8431372549,0,-1,100.0
Zbot.HCL,1,7.8431372549,0,-1,100.0
TR/Dropper.VB.8254,1,7.8431372549,0,-1,100.0
Gen:Variant.Kazy.365622,3,15.6862745098,0,-1,100.0
winpe/Suspicious_Gen4.GECSQ,1,7.8431372549,0,-1,100.0
Inject2.AACT,1,31.3725490196,0,-1,100.0
Win32:Rootkit-gen,1,31.3725490196,6,58.5902194211,14.2857142857
TR/VB.Downloader.1489,1,31.3725490196,0,-1,100.0
Trojan.Generic.8995937,1,31.3725490196,0,-1,100.0
Win32/Injector.BBPO,1,31.3725490196,0,-1,100.0
W32/Injector.BBPO!tr,1,31.3725490196,0,-1,100.0
Generic_r.DTJ,1,11.7647058824,0,-1,100.0
Win32/Virut.AN,1,11.7647058824,4,80.3207804861,20.0
Win32/Wapomi.I,1,11.7647058824,4,70.5882352941,20.0
Worm/Generic2.BEDH,1,11.7647058824,22,67.2282905257,4.34782608696
Win32:Crypt-QSQ,1,11.7647058824,0,-1,100.0
TR/Crypt.Xpack.33254,1,11.7647058824,0,-1,100.0
Trojan.GenericKD.1629741,2,11.7647058824,0,-1,100.0
W32/Injector.BADA!tr,1,11.7647058824,0,-1,100.0
Trojan ( 00497fa21 ),1,11.7647058824,0,-1,100.0
Downloader-FYH!861282B8C1F9,1,11.7647058824,0,-1,100.0
winpe/Troj_Generic.TLTFU,1,11.7647058824,0,-1,100.0
Trojan-Ransom.Win32.Crypren.pql,1,11.7647058824,4,62.3725490196,20.0
Trojan.Zbot,1,11.7647058824,75,80.6433500022,1.31578947368
TSPY_ZBOT.SMQT,1,11.7647058824,0,-1,100.0
TrojanSpy.Zbot!kq7AHYw5gkI,1,11.7647058824,0,-1,100.0
Inject.QVS,1,15.2173913043,0,-1,100.0
Trojan/Win32.Zbot,1,15.2173913043,19,75.0241160537,5.0
Win32:Injector-BDY,1,15.2173913043,1,72.9166666667,50.0
TR/PSW.Zbot.4845,1,15.2173913043,0,-1,100.0
W32/Alman.BB,1,15.2173913043,0,-1,100.0
Trojan.Generic.9219384,3,15.2173913043,0,-1,100.0
TrojWare.Win32.Injector.AHRI,1,15.2173913043,1,72.9166666667,50.0
Trojan.Winlock.8004,1,15.2173913043,1,72.9166666667,50.0
Win32.Worm.P2p.Picsys.C,1,15.2173913043,8,70.568627451,11.1111111111
Win32/Injector.AHRI,1,15.2173913043,1,72.9166666667,50.0
W32/Injector.AHS!tr,1,15.2173913043,1,72.9166666667,50.0
Trojan.Win32.Ransom,1,15.2173913043,1,72.9166666667,50.0
PWS-Zbot-FBDH!987B818F6A93,1,15.2173913043,0,-1,100.0
winpe/Suspicious_Gen4.FVWKA,1,15.2173913043,0,-1,100.0
Mal/Zbot-LI,1,15.2173913043,1,72.9166666667,50.0
Sus/UnkPack-C,1,15.2173913043,12,79.9607706609,7.69230769231
Trojan.Win32.Zbot.li,1,15.2173913043,1,72.9166666667,50.0
Trojan.Smoaler,1,15.2173913043,1,72.9166666667,50.0
TSPY_ZBOT.SMLN,1,15.2173913043,1,72.9166666667,50.0
SScope.Malware-Cryptor.Winlock.1513,1,15.2173913043,1,72.9166666667,50.0
PUA.Toolbar.Inbox!,1,15.2173913043,1,71.1111111111,50.0
Trojan.PWS.Zbot!LQDkr64HoYc,1,15.2173913043,0,-1,100.0
Win32:Zbot-RIE [Trj],1,14.0,0,-1,100.0
a variant of Win32/Injector.Autoit.IW,1,14.0,0,-1,100.0
Heur.Win32.Veebee.1!O,5,19.6078431373,0,-1,100.0
Artemis!0472C3788D69,2,27.4509803922,0,-1,100.0
Trojan.Dorkbot.ED,3,23.5294117647,0,-1,100.0
Trojan.Agent!Tl+38FGW9aE,1,27.4509803922,0,-1,100.0
TROJ_GEN.R072B01DN14,1,27.4509803922,0,-1,100.0
Win32.Trojan.VB.I@gen,1,27.4509803922,0,-1,100.0
Virus.Win32.Heur.p,8,19.2508525149,0,-1,100.0
a variant of Win32/Injector.BBOH,1,27.4509803922,0,-1,100.0
W32/VB.ALO!tr,1,27.4509803922,0,-1,100.0
Zbot.HNQ,1,27.4509803922,0,-1,100.0
Malware.QVM01.Gen,1,27.4509803922,0,-1,100.0
Gen:Variant.Kazy.371989,5,27.4509803922,0,-1,100.0
Artemis!0746B1B568B2,2,27.4509803922,0,-1,100.0
Trojan.FakeAdobe.Gen,1,27.4509803922,0,-1,100.0
Trojan-Spy.Win32.Zbot.sfsn,1,27.4509803922,0,-1,100.0
Gen:Variant.Kazy.371989 (B),1,27.4509803922,0,-1,100.0
Win32.Troj.Zbot.sf.(kcloud),1,27.4509803922,0,-1,100.0
PE:Malware.FakePDF@CV!1.9C3A,1,27.4509803922,0,-1,100.0
Win32/Trojan.Multi.daf,1,27.4509803922,0,-1,100.0
Gen:Variant.Symmi.39506,5,18.0,0,-1,100.0
Heuristic.LooksLike.Win32.SuspiciousPE.N,1,18.0,0,-1,100.0
Gen:Variant.Symmi.39506 (B),1,18.0,0,-1,100.0
Trojan/Win32.Llac,1,18.0,0,-1,100.0
Trj/dtcontx.L,2,17.8235294118,6,55.4248366013,25.0
Trojan.Agent.CTR,1,10.8695652174,0,-1,100.0
Trojan-Spy.Win32.Zbot.jzey,1,10.8695652174,0,-1,100.0
TR/Spy.ZBot.jzey,1,10.8695652174,0,-1,100.0
W32/Dorkbot.BAA!tr,1,10.8695652174,0,-1,100.0
Trojan.Win32.Generic!O,1,29.4117647059,0,-1,100.0
TrojanPWS.AutoIt.Zbot.A,1,29.4117647059,0,-1,100.0
Artemis!0F9CA7912CEF,2,29.4117647059,0,-1,100.0
Trojan.FakePDF.Email,1,29.4117647059,0,-1,100.0
TROJ_GEN.R00JB01DK14,1,29.4117647059,0,-1,100.0
Trojan-Spy.Win32.Zbot.ltys,1,29.4117647059,0,-1,100.0
TR/ZbotCitadel.A.519,1,29.4117647059,0,-1,100.0
Mal/Generic-S,6,27.0173453997,0,-1,100.0
Downloader/Win32.Genome,1,29.4117647059,0,-1,100.0
Trj/Genetic.gen,1,29.4117647059,0,-1,100.0
a variant of Win32/Injector.Autoit.AHO,1,29.4117647059,0,-1,100.0
Pakes_c.BOKL,1,29.4117647059,0,-1,100.0
Trojan/W32.BHO.139064.D,1,7.31707317073,0,-1,100.0
suspected of Embedded.Trojan.Win32.BHO.ahck,2,7.31707317073,0,-1,100.0
Trojan.Win32.Generic.520653F8,1,7.31707317073,0,-1,100.0
Packed.Generic.404,1,8.69565217391,6,77.537541846,14.2857142857
Trojan-Spy.Win32.Zbot.kcus,1,8.69565217391,0,-1,100.0
HeurEngine.MaliciousPacker,1,8.69565217391,0,-1,100.0
Trojan-Spy.Win32.Zbot!O,1,28.0,0,-1,100.0
TrojanPWS.Crypt.g4,1,28.0,0,-1,100.0
Backdoor/Poison.evja,1,28.0,0,-1,100.0
W32/AutoIt.AQ.gen!Eldorado,2,28.0,0,-1,100.0
Trojan-Downloader.Win32.Agent.hehb,1,28.0,0,-1,100.0
Trojan.PWS.Panda.655,1,28.0,2,66.3333333333,33.3333333333
Heuristic.BehavesLike.Win32.Suspicious-BAY.S,1,28.0,0,-1,100.0
a variant of Win32/Injector.Autoit.AHN,1,28.0,0,-1,100.0
HW32.CDB.A3ce,2,13.7254901961,0,-1,100.0
Trojan.Agent.ED,5,17.9110105581,0,-1,100.0
Trojan-Spy.Win32.Zbot.sdwt,1,15.6862745098,0,-1,100.0
TR/PSW.Zbot.245760.5,1,15.6862745098,0,-1,100.0
Zbot.HIG,1,15.6862745098,0,-1,100.0
Malware.QVM20.Gen,5,12.9411764706,0,-1,100.0
Worm.Win32.Luder.abqk,1,8.69565217391,0,-1,100.0
a variant of Win32/Kryptik.BADI,1,8.69565217391,0,-1,100.0
W32/Zbot.DHN!tr,1,8.69565217391,2,46.1111111111,33.3333333333
Crypt.BWHD,1,8.69565217391,0,-1,100.0
Artemis!1A67FBCBF010,2,21.568627451,0,-1,100.0
Trojan ( 0040f74b1 ),2,21.568627451,0,-1,100.0
Trojan-Spy.Win32.Zbot.seuk,1,21.568627451,0,-1,100.0
Win32.Troj.Zbot.se.(kcloud),1,21.568627451,0,-1,100.0
Downloader/Win32.Agent,1,21.568627451,0,-1,100.0
a variant of Win32/Injector.BCIO,1,21.568627451,0,-1,100.0
Inject2.ABTJ,1,21.568627451,0,-1,100.0
Gen:Variant.Symmi.17332,3,10.8695652174,0,-1,100.0
Heuristic.BehavesLike.Win32.ModifiedUPX.C,1,10.8695652174,0,-1,100.0
a variant of Win32/Kryptik.AXSS,1,10.8695652174,0,-1,100.0
Artemis!99A454A9BD2B,2,23.8095238095,0,-1,100.0
Trojan.Click.64192,1,23.8095238095,0,-1,100.0
TR/BHO.ahck,1,23.8095238095,3,73.0623306233,25.0
Trojan/Win32.BHO.gen,2,15.5632984901,0,-1,100.0
Trojan.Win32.BHO.ahck,1,23.8095238095,3,69.8283649503,25.0
Trojan.Win32.Generic.52055C41,1,23.8095238095,0,-1,100.0
W32/RLPacked.B.gen!Eldorado,2,17.9487179487,0,-1,100.0
TR/BHO.aab,1,17.9487179487,0,-1,100.0
Trojan.BHO.aab,1,17.9487179487,0,-1,100.0
Trojan.BHO!IK,1,17.9487179487,0,-1,100.0
Trojan.BHO,1,17.9487179487,2,76.6666666667,33.3333333333
Trojan.Zbot.EDFV,1,17.6470588235,0,-1,100.0
TR/Dropper.VB.7881,1,17.6470588235,0,-1,100.0
Trojan.Win32.ZBot.77,1,17.6470588235,0,-1,100.0
PE:Malware.XPACK-HIE/Heur!1.9C48,6,21.8954248366,0,-1,100.0
Dropper.Generic9.UJE,1,17.6470588235,0,-1,100.0
Packed.Win32.Katusha.1!O,1,19.6078431373,0,-1,100.0
Artemis!240E677A3091,2,19.6078431373,0,-1,100.0
TR/ZbotCitadel.A.563,1,19.6078431373,0,-1,100.0
TROJ_FORUCON.BMC,4,12.7450980392,0,-1,100.0
Trojan.Malware.Obscu.Gen.002,1,19.6078431373,0,-1,100.0
Trojan-Spy.Win32.Zbot.kcry,2,4.34782608696,0,-1,100.0
HW32.CDB.0a05,1,31.3725490196,0,-1,100.0
Trojan.GenericKD.1649427,6,31.3725490196,0,-1,100.0
TrojanSpy.Zbot.r3,1,31.3725490196,0,-1,100.0
RDN/Generic PWS.y!zf,2,31.3725490196,0,-1,100.0
TrojanSpy.Zbot!929QUbJIhSE,1,31.3725490196,0,-1,100.0
Troj_Generic.TPIBY,1,31.3725490196,0,-1,100.0
TROJ_GEN.R00JC0DDK14,2,31.3725490196,0,-1,100.0
Win32:Zbot-TND [Trj],1,31.3725490196,0,-1,100.0
Trojan-Spy.Win32.Zbot.sejj,1,31.3725490196,0,-1,100.0
Trojan.Win32.Zbot.cxbewv,1,31.3725490196,0,-1,100.0
Trojan.Win32.Muiref.d (v),1,31.3725490196,0,-1,100.0
TR/Dropper.VB.9047,1,31.3725490196,0,-1,100.0
Trojan.GenericKD.1649427 (B),1,31.3725490196,0,-1,100.0
Trojan[Spy]/Win32.Zbot,3,28.544494721,0,-1,100.0
Trojan/Win32.FakeAV,1,31.3725490196,2,86.9565217391,33.3333333333
BScope.Trojan.Diple,1,31.3725490196,0,-1,100.0
Generic Malware,2,26.4705882353,0,-1,100.0
Virus.Win32.Vbcrypt,1,31.3725490196,3,49.0196078431,25.0
W32/Zbot.SEJJ!tr,1,31.3725490196,0,-1,100.0
Win32/VBCrypt,3,22.2222222222,3,49.0196078431,50.0
Trojan.Win32.Zbot.AAO,1,31.3725490196,0,-1,100.0
Win32/Trojan.Dropper.26f,1,31.3725490196,0,-1,100.0
HW32.CDB.A6bb,1,11.7647058824,0,-1,100.0
Win32:Dropper-gen [Drp],2,19.6078431373,0,-1,100.0
TR/VB.Downloader.1587,1,11.7647058824,0,-1,100.0
Downloader.VB.AGAK,1,11.7647058824,0,-1,100.0
Trojan.GenericKD.1659781,6,21.568627451,0,-1,100.0
RDN/Generic PWS.y!zi,1,21.568627451,0,-1,100.0
Spyware.Zbot.VXGen,2,11.8047218888,0,-1,100.0
Trojan ( 004998281 ),2,21.568627451,0,-1,100.0
Troj_Generic.TVLYJ,1,21.568627451,0,-1,100.0
TROJ_GEN.R0CBC0DE614,2,21.568627451,0,-1,100.0
Trojan-Spy.Win32.Zbot.sgff,1,21.568627451,0,-1,100.0
Trojan.GenericKD.1659781 (B),1,21.568627451,0,-1,100.0
Trojan.Win32.Generic!SB.0,1,21.568627451,0,-1,100.0
TR/Changeling.A.1669,1,21.568627451,0,-1,100.0
Heuristic.BehavesLike.Win32.Suspicious-DTR.G,1,21.568627451,0,-1,100.0
Win32.Troj.Zbot.sg.(kcloud),1,21.568627451,0,-1,100.0
a variant of Win32/Kryptik.CAUW,1,21.568627451,0,-1,100.0
Virus.Win32.Cryptor,1,21.568627451,3,60.5359477124,25.0
W32/Zbot.SGFF!tr,1,21.568627451,0,-1,100.0
Trojan.Win32.Kryptik.CAUW,1,21.568627451,0,-1,100.0
HEUR/Malware.QVM10.Gen,1,21.568627451,0,-1,100.0
TROJ_GEN.R0C1H08DE14,1,10.0,0,-1,100.0
Troj/Mdrop-FSJ,1,10.0,0,-1,100.0
Trojan/Win32.Chifrax,1,10.0,0,-1,100.0
Virus.Win32.Heur.l,1,10.0,0,-1,100.0
Trojan ( 00498c001 ),2,25.4901960784,1,47.0588235294,66.6666666667
Trojan.Gen,1,25.4901960784,141,80.6349031462,0.704225352113
Trojan-Spy.Win32.Zbot.sczu,1,25.4901960784,0,-1,100.0
Troj/VBInj-HT,1,25.4901960784,0,-1,100.0
TR/Dropper.Gen7,2,17.6470588235,3,87.1516164995,40.0
a variant of Win32/Injector.BBYU,1,25.4901960784,0,-1,100.0
Heur.Suspicious,2,4.87804878048,0,-1,100.0
Trojan.Win32.Generic.52040AC9,1,7.31707317073,0,-1,100.0
Suspicious file,5,21.9149196509,0,-1,100.0
HW32.TsCabk.jeqm,1,21.568627451,0,-1,100.0
Artemis!50A102447D90,2,21.568627451,0,-1,100.0
Win32/Zbot.CXZ,1,21.568627451,0,-1,100.0
Sf:Zbot-AK [Trj],1,21.568627451,0,-1,100.0
Trojan.Spy.Zbot-142,1,21.568627451,203,82.0140324179,0.490196078431
TrojWare.Win32.Injector.AHKF,1,21.568627451,0,-1,100.0
Trojan.Win32.Zbot.n (v),1,21.568627451,0,-1,100.0
a variant of Win32/Injector.BCGT,1,21.568627451,0,-1,100.0
PE:Stealer.Zbot!1.648A,1,21.568627451,0,-1,100.0
PWSZbot-FLW!521F1F1094CF,1,11.7647058824,0,-1,100.0
Heuristic.BehavesLike.Win32.Suspicious-BAY.K,1,11.7647058824,0,-1,100.0
HW32.CDB.1a37,2,21.2481146305,0,-1,100.0
Artemis!546D677DD95A,2,32.6923076923,0,-1,100.0
Trojan-Spy.Win32.Zbot.sftv,1,32.6923076923,0,-1,100.0
TR/ZbotCitadel.A.814,1,32.6923076923,0,-1,100.0
Zbot.HUG,1,32.6923076923,0,-1,100.0
Win32/Trojan.BO.a70,1,32.6923076923,0,-1,100.0
Artemis!57024CCB9465,2,15.2173913043,0,-1,100.0
TROJ_GEN.R47H1LD,1,15.2173913043,0,-1,100.0
Win32:WrongInf-A [Susp],1,15.2173913043,0,-1,100.0
TR/Patched.Gen,1,15.2173913043,2,82.2295247725,33.3333333333
Trojan.Patched,1,15.2173913043,0,-1,100.0
Suspicious File,1,2.27272727273,0,-1,100.0
Trojan.GenericKDZ.15924,5,32.6086956522,0,-1,100.0
Suspicious.Cloud,1,32.6086956522,1,63.6363636364,50.0
Win32:Zbot-QZD [Trj],1,32.6086956522,0,-1,100.0
Trojan-Spy.Win32.Zbot.kybh,1,32.6086956522,0,-1,100.0
Trojan.GenericKDZ.15924 (B),1,32.6086956522,0,-1,100.0
TR/Spy.ZBot.kybh,1,32.6086956522,0,-1,100.0
a variant of Win32/Kryptik.AZTQ,1,32.6086956522,0,-1,100.0
PSW.Generic11.IWH,1,32.6086956522,0,-1,100.0
Packed.Win32.Katusha.o,1,2.38095238095,0,-1,100.0
Artemis!6D8300EFB30C,2,27.4509803922,0,-1,100.0
Trojan.Agent,1,27.4509803922,1,64.0,50.0
TROJ_GEN.R00JH07DS14,1,27.4509803922,0,-1,100.0
Trojan-Spy.Win32.Zbot.sflv,1,27.4509803922,0,-1,100.0
TR/ZbotCitadel.A.810,1,27.4509803922,0,-1,100.0
Win32.Trojan.Agent.2SN6OI,1,27.4509803922,0,-1,100.0
a variant of Win32/Injector.BCQT,1,27.4509803922,0,-1,100.0
Inject2.ACJC,1,27.4509803922,0,-1,100.0
Artemis!722F47B8C991,2,32.6086956522,0,-1,100.0
Injector.DOBM,1,32.6086956522,0,-1,100.0
Win32:Carberp-ANH [Trj],1,32.6086956522,0,-1,100.0
Gen:Variant.Kazy.149810,2,32.6086956522,0,-1,100.0
Gen:Variant.Kazy.149841 (B),1,32.6086956522,0,-1,100.0
Gen:Variant.Kazy.149841,1,32.6086956522,0,-1,100.0
a variant of Win32/Injector.ADMS,1,32.6086956522,0,-1,100.0
Suspicious,1,32.6086956522,0,-1,100.0
Trojan-Downloader.Win32.Carberp,1,32.6086956522,3,68.4052287582,25.0
W32/Zbot.POI!tr,1,32.6086956522,0,-1,100.0
HW32.CDB.6bd4,1,7.8431372549,0,-1,100.0
AdWare.Win32.FakeMS.csz,1,7.31707317073,0,-1,100.0
Trojan.Packed,1,10.8695652174,0,-1,100.0
Trojan.Malware.Obscu.Gen.004,1,10.8695652174,0,-1,100.0
W32/Kryptik.AVFH!tr,1,10.8695652174,0,-1,100.0
PWS-Zbot-FAQD!8928BA7EF6D3,1,26.0869565217,0,-1,100.0
Trojan-Spy.Win32.Zbot.luva,1,26.0869565217,0,-1,100.0
Trojan.GenericKDZ.19236,3,26.0869565217,0,-1,100.0
Trojan.Spambot.11951,1,26.0869565217,0,-1,100.0
TR/Spy.ZBot.ajoumea,1,26.0869565217,7,83.1370113263,12.5
Heuristic.LooksLike.Win32.Suspicious.B,1,26.0869565217,0,-1,100.0
Trojan.GenericKDZ.19236 (B),1,26.0869565217,0,-1,100.0
Win32.Troj.Zbot.lu.(kcloud),1,26.0869565217,0,-1,100.0
a variant of Win32/Injector.AHCV,1,26.0869565217,0,-1,100.0
HW32.CDB.2f73,1,23.5294117647,0,-1,100.0
Artemis!89C0C0EFFCDD,2,23.5294117647,0,-1,100.0
Spyware.Zbot,1,23.5294117647,0,-1,100.0
TROJ_GEN.R00JH07DQ14,1,23.5294117647,0,-1,100.0
Trojan-Spy.Win32.Zbot.sfmg,1,23.5294117647,0,-1,100.0
TR/Drop.Agent.FF,1,23.5294117647,0,-1,100.0
HEUR/Malware.QVM03.Gen,1,23.5294117647,0,-1,100.0
